1;-164;0.3490000069;17.0800781250;15.5979919434;1004.1369018555;0.0000000000;0.0000000000;0.0000000000;0.0000000000;0;0;0;0;0;0.0000000000;0.0000000000;0.0000000000;
2;-164;1.1729999781;16.5966796875;15.3435010910;1004.0780029297;0.0000000000;0.0000000000;0.0000000000;0.0000000000;0;1;0;0;1;2.0000000000;2.0000000000;2.0000000000;
3;-164;1.9550000429;16.2744140625;15.1739425659;1004.1491088867;0.0000000000;0.0000000000;0.0000000000;0.0000000000;0;1;0;0;1;1.0000000000;1.0000000000;1.0000000000;
4;-164;2.7379999161;17.2412109375;14.9986209869;1004.1759033203;0.0000000000;0.0000000000;0.0000000000;0.0000000000;0;1;0;0;1;1.0000000000;1.0000000000;1.0000000000;
5;-164;3.5239999294;16.9995117188;14.7729473114;1004.1921997070;0.0000000000;0.0000000000;0.0000000000;0.0000000000;0;1;0;0;1;2.0000000000;3.0000000000;3.0000000000;
6;-164;4.3070001602;16.9995117188;14.6479778290;1004.1834106445;0.0000000000;0.0000000000;0.0000000000;0.0000000000;0;1;0;0;1;2.0000000000;3.0000000000;3.0000000000;
7;-164;5.0900001526;15.5493173599;14.5054159164;1004.0839233398;0.0000000000;0.0000000000;0.0000000000;0.0000000000;0;1;0;0;1;2.0000000000;3.0000000000;3.0000000000;
8;-164;5.8769998550;15.5493173599;14.4699277878;1004.1008300781;0.0000000000;0.0000000000;0.0000000000;0.0000000000;0;1;0;0;0;2.0000000000;3.0000000000;3.0000000000;
9;-164;6.6599998474;15.0659170151;14.3561811447;1004.1373291016;0.0000000000;0.0000000000;0.0000000000;0.0000000000;0;1;0;0;1;1.0000000000;2.0000000000;2.0000000000;
10;-164;7.4419999123;15.3076171875;14.2924842834;1004.1608276367;0.0000000000;0.0000000000;0.0000000000;0.0000000000;0;1;0;0;1;1.0000000000;2.0000000000;2.0000000000;
11;-164;8.2290000916;14.8242187500;14.3704376221;1004.0952148438;0.0000000000;0.0000000000;0.0000000000;0.0000000000;0;1;0;0;1;1.0000000000;2.0000000000;2.0000000000;
12;-164;9.0120000839;15.3881835937;14.4332256317;1004.1449584961;0.0000000000;0.0000000000;0.0000000000;0.0000000000;0;1;0;0;1;1.0000000000;2.0000000000;2.0000000000;
13;-164;9.7950000763;15.3076171875;14.4972267151;1004.2293701172;0.0000000000;0.0000000000;0.0000000000;0.0000000000;0;1;0;0;1;1.0000000000;2.0000000000;2.0000000000;
14;-164;10.5810003281;15.6298828125;14.6009626389;1004.2227783203;0.0000000000;0.0000000000;0.0000000000;0.0000000000;0;1;0;0;1;1.0000000000;2.0000000000;2.0000000000;
15;-164;11.3640003204;15.4687490463;14.6403951645;1004.2126464844;0.0000000000;0.0000000000;0.0000000000;0.0000000000;0;1;0;0;0;1.0000000000;2.0000000000;2.0000000000;
16;-164;12.1470003128;15.4687490463;14.7316951752;1004.1552124023;0.0000000000;0.0000000000;0.0000000000;0.0000000000;0;1;0;0;1;1.0000000000;2.0000000000;2.0000000000;
17;-164;12.9340000153;15.6298828125;14.7656679153;1004.0900268555;0.0000000000;0.0000000000;0.0000000000;0.0000000000;0;1;0;0;1;1.0000000000;1.0000000000;1.0000000000;
18;-164;13.7170000076;16.5966796875;14.7811374664;1004.1151123047;0.0000000000;0.0000000000;0.0000000000;0.0000000000;0;1;0;0;1;1.0000000000;2.0000000000;2.0000000000;
19;-164;14.4989995956;16.6772460938;14.8378591537;1004.0989379883;0.0000000000;0.0000000000;0.0000000000;0.0000000000;0;1;0;0;1;1.0000000000;2.0000000000;2.0000000000;
20;-164;15.2860002518;16.5161132813;14.9437189102;1003.9492187500;0.0000000000;0.0000000000;0.0000000000;0.0000000000;0;1;0;0;1;1.0000000000;2.0000000000;2.0000000000;
21;-164;16.0690002441;15.7910156250;15.0498828888;1004.0328979492;0.0000000000;0.0000000000;0.0000000000;0.0000000000;0;1;0;0;1;1.0000000000;2.0000000000;2.0000000000;
22;-164;16.8509998322;15.8715810776;15.1208600998;1004.0330810547;0.0000000000;0.0000000000;0.0000000000;0.0000000000;0;1;0;0;0;1.0000000000;2.0000000000;2.0000000000;
23;-164;17.6389999390;16.9995117188;15.0771818161;1003.9985351563;0.0000000000;0.0000000000;0.0000000000;0.0000000000;0;1;0;0;1;2.0000000000;2.0000000000;2.0000000000;
24;-164;18.4220008850;15.3076171875;15.0462427139;1004.0477905273;0.0000000000;0.0000000000;0.0000000000;0.0000000000;0;1;0;0;1;1.0000000000;2.0000000000;2.0000000000;
25;-164;19.2040004730;15.7104492187;15.0480623245;1004.0134887695;0.0000000000;0.0000000000;0.0000000000;0.0000000000;0;1;0;0;1;1.0000000000;1.0000000000;1.0000000000;
26;-164;19.9920005798;15.5493173599;14.9088363647;1004.0796508789;0.0000000000;0.0000000000;0.0000000000;0.0000000000;0;1;0;0;1;1.0000000000;1.0000000000;1.0000000000;
27;-164;20.7740001678;15.6298828125;14.8047962189;1004.1135864258;0.0000000000;0.0000000000;0.0000000000;0.0000000000;0;1;0;0;1;1.0000000000;1.0000000000;1.0000000000;
28;-164;21.5569992065;15.7104492187;14.7765874863;1004.1007080078;0.0000000000;0.0000000000;0.0000000000;0.0000000000;0;1;0;0;1;1.0000000000;1.0000000000;1.0000000000;
29;-164;22.3439998627;15.2270507812;14.8202657700;1004.1223144531;0.0000000000;0.0000000000;0.0000000000;0.0000000000;0;1;0;0;1;1.0000000000;1.0000000000;1.0000000000;
30;-164;23.1259994507;15.7104492187;14.8460483551;1004.0886230469;0.0000000000;0.0000000000;0.0000000000;0.0000000000;0;1;0;0;0;1.0000000000;1.0000000000;1.0000000000;
31;-164;23.9090003967;16.0327148438;14.7993364334;1004.0275878906;0.0000000000;0.0000000000;0.0000000000;0.0000000000;0;1;0;0;1;1.0000000000;2.0000000000;2.0000000000;
32;-164;24.6959991455;15.7910156250;14.8715276718;1004.0217895508;0.0000000000;0.0000000000;0.0000000000;0.0000000000;0;1;0;0;1;1.0000000000;2.0000000000;2.0000000000;
33;-164;25.4790000916;17.5634765625;14.9652547836;1003.9374389648;0.0000000000;0.0000000000;0.0000000000;0.0000000000;0;1;0;0;1;2.0000000000;2.0000000000;2.0000000000;
34;-164;26.2619991302;16.1132812500;14.9770841599;1003.9562377930;0.0000000000;0.0000000000;0.0000000000;0.0000000000;0;1;0;0;1;2.0000000000;2.0000000000;2.0000000000;
35;-164;27.0489997864;17.3217773438;14.9710178375;1003.9979248047;0.0000000000;0.0000000000;0.0000000000;0.0000000000;0;1;0;0;1;2.0000000000;2.0000000000;2.0000000000;
36;-164;27.8320007324;16.3549804688;14.8876037598;1004.0136718750;0.0000000000;0.0000000000;0.0000000000;0.0000000000;0;1;0;0;1;2.0000000000;2.0000000000;2.0000000000;
37;-164;28.6149997711;15.7104492187;14.7326049805;1004.0460205078;0.0000000000;0.0000000000;0.0000000000;0.0000000000;0;1;0;0;1;2.0000000000;2.0000000000;2.0000000000;
38;-164;29.4020004272;15.7104492187;14.6255321503;1004.0795288086;0.0000000000;0.0000000000;0.0000000000;0.0000000000;0;1;0;0;1;2.0000000000;2.0000000000;2.0000000000;
39;-164;30.1840000153;16.0327148438;14.5436353683;1004.0310058594;0.0000000000;0.0000000000;0.0000000000;0.0000000000;0;1;0;0;0;2.0000000000;2.0000000000;2.0000000000;
40;-164;30.9669990540;17.2412109375;14.6249256134;1003.9937744141;0.0000000000;0.0000000000;0.0000000000;0.0000000000;0;1;0;0;1;2.0000000000;2.0000000000;2.0000000000;
41;-164;31.7539997101;17.4023437500;14.7150125504;1004.0156860352;0.0000000000;0.0000000000;0.0000000000;0.0000000000;0;1;0;0;1;2.0000000000;2.0000000000;2.0000000000;
42;-164;32.5369987488;16.9189453125;14.6507081985;1004.0366210938;0.0000000000;0.0000000000;0.0000000000;0.0000000000;0;1;0;0;1;2.0000000000;2.0000000000;2.0000000000;
43;-164;33.3199996948;17.1606445313;14.7347288132;1004.0643310547;0.0000000000;0.0000000000;0.0000000000;0.0000000000;0;1;0;0;1;2.0000000000;2.0000000000;2.0000000000;
44;-164;34.1069984436;15.5493173599;14.7592973709;1004.0969848633;0.0000000000;0.0000000000;0.0000000000;0.0000000000;0;1;0;0;1;2.0000000000;2.0000000000;2.0000000000;
45;-164;34.8899993896;15.3076171875;14.5533409119;1004.1731567383;0.0000000000;0.0000000000;0.0000000000;0.0000000000;0;1;0;0;1;2.0000000000;2.0000000000;2.0000000000;
46;-164;35.6730003357;15.6298828125;14.4377756119;1004.1283569336;0.0000000000;0.0000000000;0.0000000000;0.0000000000;0;1;0;0;1;3.0000000000;3.0000000000;3.0000000000;
47;-164;36.4599990845;15.3076171875;14.3385887146;1004.1232299805;0.0000000000;0.0000000000;0.0000000000;0.0000000000;0;1;0;0;1;3.0000000000;3.0000000000;3.0000000000;
48;-164;37.2430000305;15.5493173599;14.1350603104;1004.1494750977;0.0000000000;0.0000000000;0.0000000000;0.0000000000;0;1;0;0;0;3.0000000000;3.0000000000;3.0000000000;
49;-164;38.0250015259;16.4355468750;14.0595331192;1004.1622924805;0.0000000000;0.0000000000;0.0000000000;0.0000000000;0;1;0;0;1;3.0000000000;3.0000000000;4.0000000000;
50;-164;38.8219985962;15.2270507812;14.0070581436;1004.2181396484;0.0000000000;0.0000000000;0.0000000000;0.0000000000;0;1;0;0;1;3.0000000000;3.0000000000;4.0000000000;
51;-164;39.6040000916;14.9853515625;13.9327449799;1004.3208007813;0.0000000000;0.0000000000;0.0000000000;0.0000000000;0;1;0;0;1;3.0000000000;3.0000000000;4.0000000000;
52;-164;40.3870010376;14.8242187500;13.9770298004;1004.3598632813;0.0000000000;0.0000000000;0.0000000000;0.0000000000;0;1;0;0;1;3.0000000000;3.0000000000;4.0000000000;
53;-164;41.1739997864;14.7436532974;13.9445743561;1004.3948974609;0.0000000000;0.0000000000;0.0000000000;0.0000000000;0;1;0;0;1;3.0000000000;3.0000000000;4.0000000000;
54;-164;41.9570007324;14.2602529526;13.8611612320;1004.3598632813;0.0000000000;0.0000000000;0.0000000000;0.0000000000;0;1;0;0;1;3.0000000000;3.0000000000;4.0000000000;
55;-164;42.7389984131;15.4687490463;13.8274927139;1004.2659301758;0.0000000000;0.0000000000;0.0000000000;0.0000000000;0;1;0;0;1;2.0000000000;2.0000000000;3.0000000000;
56;-164;43.5270004272;13.9379892349;13.6206283569;1004.1461181641;0.0000000000;0.0000000000;0.0000000000;0.0000000000;0;1;0;0;1;2.0000000000;2.0000000000;3.0000000000;
57;-164;44.3089981079;13.9379892349;13.5675477982;1004.1926269531;0.0000000000;0.0000000000;0.0000000000;0.0000000000;0;1;0;0;0;2.0000000000;2.0000000000;3.0000000000;
58;-164;45.0919990540;13.0517568588;13.3485517502;1004.1817016602;0.0000000000;0.0000000000;0.0000000000;0.0000000000;0;1;0;0;1;2.0000000000;2.0000000000;3.0000000000;
59;-164;45.8790016174;13.1323251724;13.3661441803;1004.1828613281;0.0000000000;0.0000000000;0.0000000000;0.0000000000;0;1;0;0;1;2.0000000000;2.0000000000;3.0000000000;
60;-164;46.6619987488;12.7294931412;13.3079071045;1004.2155151367;0.0000000000;0.0000000000;0.0000000000;0.0000000000;0;1;0;0;1;2.0000000000;3.0000000000;4.0000000000;
61;-164;47.4449996948;13.0517568588;13.2960777283;1004.2064819336;0.0000000000;0.0000000000;0.0000000000;0.0000000000;0;1;0;0;1;2.0000000000;3.0000000000;4.0000000000;
62;-164;48.2319984436;12.4877929687;13.2235841751;1004.2355957031;0.0000000000;0.0000000000;0.0000000000;0.0000000000;0;1;0;0;1;2.0000000000;2.0000000000;3.0000000000;
63;-164;49.0149993896;12.5683593750;13.0206651688;1004.2343139648;0.0000000000;0.0000000000;0.0000000000;0.0000000000;0;1;0;0;1;2.0000000000;2.0000000000;3.0000000000;
64;-164;49.7980003357;12.5683593750;12.8401908875;1004.1936645508;21.0395088196;52.2177391052;1.3149199486;0.0000000000;0;1;0;1;1;2.0000000000;2.0000000000;3.0000000000;
65;-164;50.5849990845;12.0043945312;12.4586200714;1004.2857666016;21.0395088196;52.2177391052;1.3149199486;0.0000000000;0;1;0;1;1;2.0000000000;2.0000000000;3.0000000000;
66;-164;51.3680000305;12.0043945312;12.2896738052;1004.1851806641;21.0395183563;52.2177429199;2.1853599548;82.0000000000;4;1;1;1;0;2.0000000000;2.0000000000;3.0000000000;
67;-164;52.1510009766;11.7626953125;12.1016187668;1004.2250366211;21.0395183563;52.2177429199;2.1853599548;82.0000000000;4;1;1;1;1;2.0000000000;2.0000000000;3.0000000000;
68;-164;52.9379997253;11.7626953125;11.9860563278;1004.2197875977;21.0395126343;52.2177391052;2.1853599548;82.0000000000;4;1;1;1;1;2.0000000000;2.0000000000;3.0000000000;
69;-164;53.7220001221;11.5209960937;11.8486557007;1004.2448730469;21.0395126343;52.2177391052;0.2407599986;82.0000000000;4;1;1;1;1;2.0000000000;2.0000000000;3.0000000000;
70;-164;54.5050010681;11.0375976562;11.7397661209;1004.2835083008;21.0395126343;52.2177352905;0.5000399947;82.0000000000;4;1;1;1;1;2.0000000000;2.0000000000;3.0000000000;
71;-164;55.2929992676;11.0375976562;11.5498924255;1004.2548828125;21.0395736694;52.2177505493;0.5555999875;82.0000000000;4;1;1;1;1;2.0000000000;2.0000000000;2.0000000000;
72;-164;56.0750007629;10.7958984375;11.5031824112;1004.3167114258;21.0395736694;52.2177505493;0.5555999875;82.0000000000;4;1;1;1;1;2.0000000000;2.0000000000;2.0000000000;
73;-164;56.8580017090;10.9570312500;11.4892301559;1004.2536621094;21.0396022797;52.2177543640;0.5555999875;76.5000000000;5;1;1;1;1;2.0000000000;2.0000000000;2.0000000000;
74;-164;57.6459999084;10.5541992187;11.5150117874;1004.4295043945;21.0396175385;52.2177581787;0.0185199995;75.5000000000;5;1;1;1;1;2.0000000000;2.0000000000;2.0000000000;
75;-164;58.4300003052;10.8764648437;11.4934768677;1004.4895019531;21.0396213531;52.2177581787;0.0555600002;75.0999984741;5;1;1;1;0;2.0000000000;2.0000000000;2.0000000000;
76;-164;59.2130012512;10.7153320312;11.4440374374;1004.2969970703;21.0396213531;52.2177581787;0.0555600002;75.0999984741;5;1;1;1;1;2.0000000000;2.0000000000;2.0000000000;
77;-164;60.0099983215;10.7153320312;11.2608375549;1004.3380737305;21.0396213531;52.2177581787;0.0555600002;75.0999984741;5;1;1;1;1;2.0000000000;2.0000000000;2.0000000000;
78;-164;60.7929992676;12.2460937500;11.1052389145;1004.3716430664;21.0396156311;52.2177581787;0.0000000000;75.1999969482;5;1;1;1;1;2.0000000000;2.0000000000;2.0000000000;
79;-164;61.5760002136;11.8432617187;11.0005970001;1004.3508300781;21.0396194458;52.2177581787;0.0185199995;74.8000030518;5;1;1;1;1;2.0000000000;2.0000000000;2.0000000000;
80;-164;62.3639984131;10.6347656250;10.9654130936;1004.3223266602;21.0396194458;52.2177581787;0.0370399989;74.6999969482;5;1;1;1;1;2.0000000000;2.0000000000;2.0000000000;
81;-164;63.1469993591;10.4736328125;10.8895854950;1004.3464965820;21.0396194458;52.2177581787;0.0370399989;74.6999969482;5;1;1;1;1;2.0000000000;2.0000000000;2.0000000000;
82;-164;63.9300003052;11.2792968750;10.8459091187;1004.2223510742;21.0396213531;52.2177581787;0.0370399989;74.3000030518;5;1;1;1;1;2.0000000000;2.0000000000;2.0000000000;
83;-164;64.7180023193;10.2319335937;10.8286209106;1004.2506713867;21.0396194458;52.2177581787;0.0185199995;74.1999969482;5;1;1;1;1;2.0000000000;2.0000000000;2.0000000000;
84;-164;65.5019989014;10.3125000000;10.8201284409;1004.2197875977;21.0396232605;52.2177581787;0.0370399989;73.9000015259;5;1;1;1;1;2.0000000000;2.0000000000;2.0000000000;
85;-164;66.2850036621;11.6015625000;10.8125457764;1004.2487792969;21.0396213531;52.2177581787;0.0370399989;73.9000015259;5;1;1;1;0;2.0000000000;2.0000000000;2.0000000000;
86;-164;67.0719985962;10.2319335937;10.7728118896;1004.2236938477;21.0396213531;52.2177581787;0.0370399989;73.9000015259;5;1;1;1;1;2.0000000000;2.0000000000;2.0000000000;
87;-164;67.8550033569;10.0708007812;10.6790895462;1004.1391601563;21.0396308899;52.2177581787;0.0740799978;73.0999984741;5;1;1;1;1;1.0000000000;2.0000000000;2.0000000000;
88;-164;68.6389999390;10.3930664062;10.7364149094;1004.2351684570;21.0396308899;52.2177581787;0.0740799978;72.8000030518;5;1;1;1;1;1.0000000000;2.0000000000;2.0000000000;
89;-164;69.4270019531;10.3930664062;10.7261028290;1004.3014526367;21.0396366119;52.2177619934;0.0555600002;72.4000015259;6;1;1;1;1;1.0000000000;1.0000000000;2.0000000000;
90;-164;70.2099990845;10.4736328125;10.6005325317;1004.2669067383;21.0396366119;52.2177619934;0.0555600002;72.4000015259;6;1;1;1;1;1.0000000000;1.0000000000;2.0000000000;
91;-164;70.9929962158;10.0708007812;10.4910383224;1004.3054809570;21.0396442413;52.2177619934;0.0555600002;71.8000030518;6;1;1;1;1;2.0000000000;2.0000000000;2.0000000000;
92;-164;71.7809982300;9.9096679687;10.3976202011;1004.2926025391;21.0396423340;52.2177619934;0.0000000000;71.9000015259;6;1;1;1;1;2.0000000000;2.0000000000;2.0000000000;
93;-164;72.5640029907;10.9570312500;10.1941003799;1004.3153686523;21.0396423340;52.2177619934;0.0185199995;71.8000030518;6;1;1;1;1;2.0000000000;2.0000000000;3.0000000000;
94;-164;73.3470001221;9.9096679687;10.0530633926;1004.3637695313;21.0396404266;52.2177619934;0.0740799978;71.8000030518;6;1;1;1;0;2.0000000000;2.0000000000;3.0000000000;
95;-164;74.1340026855;10.0708007812;10.0348653793;1004.3241577148;21.0396404266;52.2177619934;0.0740799978;71.8000030518;6;1;1;1;1;2.0000000000;2.0000000000;3.0000000000;
96;-164;74.9169998169;9.8291015625;9.9411430359;1004.3056640625;21.0396385193;52.2177619934;0.0740799978;72.0000000000;6;1;1;1;1;2.0000000000;2.0000000000;3.0000000000;
97;-164;75.6999969482;9.7485351562;9.9411430359;1004.2329711914;21.0396385193;52.2177619934;0.0185199995;72.0000000000;6;1;1;1;1;2.0000000000;2.0000000000;3.0000000000;
98;-164;76.4960021973;9.5068359375;9.9936151505;1004.2025756836;21.0396423340;52.2177619934;0.0740799978;71.8000030518;6;1;1;1;1;2.0000000000;2.0000000000;3.0000000000;
99;-164;77.2789993286;10.1513671875;10.0048379898;1004.2009887695;21.0396442413;52.2177619934;0.0740799978;71.8000030518;6;1;1;1;1;2.0000000000;2.0000000000;3.0000000000;
100;-164;78.0619964600;9.6679687500;9.9168787003;1004.2167968750;21.0396442413;52.2177619934;0.0740799978;71.8000030518;6;1;1;1;1;2.0000000000;3.0000000000;3.0000000000;
101;-164;78.8499984741;10.9570312500;9.9001970291;1004.1717529297;21.0396442413;52.2177658081;0.0185199995;71.6999969482;6;1;1;1;1;2.0000000000;3.0000000000;3.0000000000;
102;-164;79.6330032349;9.4262695312;9.8953447342;1004.2603149414;21.0396442413;52.2177658081;0.0370399989;71.6999969482;6;1;1;1;1;2.0000000000;2.0000000000;3.0000000000;
103;-164;80.4169998169;9.5068359375;9.8989839554;1004.2843627930;21.0396480560;52.2177658081;0.0000000000;71.6999969482;6;1;1;1;0;2.0000000000;2.0000000000;3.0000000000;
104;-164;81.2040023804;9.2651367187;9.9074764252;1004.2603149414;21.0396480560;52.2177658081;0.0000000000;71.6999969482;6;1;1;1;1;2.0000000000;2.0000000000;3.0000000000;
105;-164;81.9869995117;9.2651367187;9.9338636398;1004.2752685547;21.0396499634;52.2177658081;0.0000000000;71.5000000000;6;1;1;1;1;2.0000000000;2.0000000000;3.0000000000;
106;-164;82.7699966431;9.2651367187;9.9605550766;1004.2746582031;21.0396537781;52.2177658081;0.0000000000;71.3000030518;6;1;1;1;1;2.0000000000;2.0000000000;3.0000000000;
107;-164;83.5579986572;9.2651367187;9.9590387344;1004.2526245117;21.0396537781;52.2177658081;0.0000000000;71.3000030518;6;1;1;1;1;3.0000000000;3.0000000000;3.0000000000;
108;-164;84.3410034180;9.2651367187;9.9696540833;1004.2823486328;21.0396537781;52.2177658081;0.0000000000;71.3000030518;6;1;1;1;1;3.0000000000;3.0000000000;3.0000000000;
109;-164;85.1340026855;10.4736328125;9.9550952911;1004.2296142578;21.0396537781;52.2177658081;0.0000000000;71.3000030518;6;1;1;1;1;3.0000000000;3.0000000000;4.0000000000;
110;-164;85.9219970703;10.0708007812;9.9372005463;1004.2875366211;21.0396537781;52.2177658081;0.0000000000;71.3000030518;6;1;1;1;1;3.0000000000;3.0000000000;4.0000000000;
111;-164;86.7050018311;9.1845703125;9.8944339752;1004.2829589844;21.0396537781;52.2177658081;0.0000000000;71.3000030518;6;1;1;1;1;3.0000000000;3.0000000000;3.0000000000;
112;-164;87.4879989624;9.3457031250;9.8583412170;1004.3142089844;21.0396537781;52.2177658081;0.0000000000;71.3000030518;6;1;1;1;1;3.0000000000;3.0000000000;3.0000000000;
113;-164;88.2760009766;9.5874023437;9.7919168472;1004.3429565430;21.0396537781;52.2177658081;0.0000000000;71.3000030518;6;1;1;1;0;3.0000000000;3.0000000000;3.0000000000;
114;-164;89.0589981079;9.2651367187;9.7467250824;1004.3082885742;21.0396537781;52.2177658081;0.0000000000;71.3000030518;6;1;1;1;1;3.0000000000;3.0000000000;3.0000000000;
115;-164;89.8420028687;9.2651367187;9.7546110153;1004.2944946289;21.0396537781;52.2177658081;0.0000000000;71.3000030518;6;1;1;1;1;3.0000000000;3.0000000000;3.0000000000;
116;-164;90.6299972534;9.4262695312;9.7785720825;1004.2826538086;21.0396537781;52.2177658081;0.0000000000;71.3000030518;6;1;1;1;1;2.0000000000;3.0000000000;3.0000000000;
117;-164;91.4130020142;9.0234375000;9.7624969482;1004.2645263672;21.0396537781;52.2177658081;0.0000000000;71.3000030518;6;1;1;1;1;2.0000000000;3.0000000000;3.0000000000;
118;-164;92.1959991455;9.3457031250;9.7634067535;1004.2871093750;21.0396537781;52.2177658081;0.0000000000;71.3000030518;6;1;1;1;1;2.0000000000;2.0000000000;2.0000000000;
119;-164;92.9830017090;9.0234375000;9.7133607864;1004.2811889648;21.0396537781;52.2177658081;0.0000000000;71.3000030518;6;1;1;1;1;2.0000000000;2.0000000000;2.0000000000;
120;-164;93.7659988403;9.1040039062;9.7318630219;1004.3067626953;21.0396537781;52.2177658081;0.0000000000;71.3000030518;6;1;1;1;1;2.0000000000;2.0000000000;2.0000000000;
121;-164;94.5500030518;9.1845703125;9.6772680283;1004.2865600586;21.0396537781;52.2177658081;0.0000000000;71.3000030518;6;1;1;1;1;2.0000000000;2.0000000000;2.0000000000;
122;-164;95.3369979858;8.8623046875;9.6602830887;1004.2926635742;21.0396537781;52.2177658081;0.0000000000;71.3000030518;6;1;1;1;0;2.0000000000;2.0000000000;2.0000000000;
123;-164;96.1200027466;8.8623046875;9.5786943436;1004.3564453125;21.0396537781;52.2177658081;0.0000000000;71.3000030518;6;1;1;1;1;1.0000000000;1.0000000000;1.0000000000;
124;-164;96.9029998779;8.8623046875;9.5140905380;1004.3220825195;21.0396537781;52.2177658081;0.0000000000;71.3000030518;6;1;1;1;1;1.0000000000;1.0000000000;1.0000000000;
125;-164;97.6910018921;9.1040039062;9.4567661285;1004.3196411133;21.0396537781;52.2177658081;0.0000000000;71.3000030518;6;1;1;1;1;1.0000000000;1.0000000000;1.0000000000;
126;-164;98.4739990234;9.1040039062;9.4115734100;1004.3430786133;21.0396537781;52.2177658081;0.0000000000;71.3000030518;6;1;1;1;1;1.0000000000;1.0000000000;1.0000000000;
127;-164;99.2570037842;8.7011718750;9.3970146179;1004.3518066406;21.0396537781;52.2177658081;0.0000000000;71.3000030518;6;1;1;1;1;1.0000000000;1.0000000000;1.0000000000;
128;-164;100.0449981689;8.7011718750;9.3712339401;1004.3636474609;21.0396537781;52.2177658081;0.0000000000;71.3000030518;6;1;1;1;1;1.0000000000;1.0000000000;1.0000000000;
129;-164;100.8280029297;8.7011718750;9.4149093628;1004.3843994141;21.0396537781;52.2177658081;0.0000000000;71.3000030518;6;1;1;1;1;1.0000000000;1.0000000000;1.0000000000;
130;-164;101.6110000610;8.8623046875;9.4112701416;1004.3474121094;21.0396537781;52.2177658081;0.0000000000;71.3000030518;6;1;1;1;1;1.0000000000;1.0000000000;1.0000000000;
131;-164;102.3990020752;9.1040039062;9.4061136246;1004.3610839844;21.0396537781;52.2177658081;0.0000000000;71.3000030518;6;1;1;1;0;1.0000000000;1.0000000000;1.0000000000;
132;-164;103.1819992065;8.9428710937;9.3903417587;1004.3806152344;21.0396537781;52.2177658081;0.0000000000;71.3000030518;6;1;1;1;1;1.0000000000;1.0000000000;1.0000000000;
133;-164;103.9649963379;8.9428710937;9.3154258728;1004.3961181641;21.0396537781;52.2177658081;0.0000000000;71.3000030518;6;1;1;1;1;1.0000000000;1.0000000000;1.0000000000;
134;-164;104.7529983521;8.9428710937;9.2605285645;1004.4236450195;21.0396537781;52.2177658081;0.0000000000;71.3000030518;6;1;1;1;1;1.0000000000;2.0000000000;2.0000000000;
135;-164;105.5360031128;9.9096679687;9.1343545914;1004.3615722656;21.0396537781;52.2177658081;0.0000000000;71.3000030518;6;1;1;1;1;1.0000000000;2.0000000000;2.0000000000;
136;-164;106.3190002441;8.7011718750;9.1082706451;1004.4035644531;21.0396537781;52.2177658081;0.0000000000;71.3000030518;6;1;1;1;1;1.0000000000;1.0000000000;1.0000000000;
137;-164;107.1060028076;9.5874023437;9.0561017990;1004.4002685547;21.0396537781;52.2177658081;0.0000000000;71.3000030518;6;1;1;1;1;1.0000000000;1.0000000000;1.0000000000;
138;-164;107.8889999390;9.7485351562;9.0288047791;1004.4336547852;21.0396537781;52.2177658081;0.0000000000;71.3000030518;6;1;1;1;1;2.0000000000;2.0000000000;2.0000000000;
139;-164;108.6729965210;8.7011718750;8.9687509537;1004.4393310547;21.0396537781;52.2177658081;0.0000000000;71.3000030518;6;1;1;1;1;2.0000000000;2.0000000000;2.0000000000;
140;-164;109.4599990845;9.6679687500;8.9714813232;1004.4311523438;21.0396537781;52.2177658081;0.0000000000;71.3000030518;6;1;1;1;0;2.0000000000;2.0000000000;2.0000000000;
141;-164;110.2429962158;8.5400390625;8.9739074707;1004.4224243164;21.0396537781;52.2177658081;0.0000000000;71.3000030518;6;1;1;1;1;1.0000000000;2.0000000000;2.0000000000;
142;-164;111.0260009766;8.9428710937;8.9878587723;1004.4611206055;21.0396537781;52.2177658081;0.0000000000;71.3000030518;6;1;1;1;1;1.0000000000;2.0000000000;2.0000000000;
143;-164;111.8140029907;8.5400390625;8.9924087524;1004.5029296875;21.0396537781;52.2177658081;0.0000000000;71.3000030518;6;1;1;1;1;2.0000000000;2.0000000000;2.0000000000;
144;-164;112.5970001221;8.3789062500;9.0130329132;1004.5241699219;21.0396537781;52.2177658081;0.0000000000;71.3000030518;6;1;1;1;1;2.0000000000;2.0000000000;2.0000000000;
145;-164;113.3799972534;8.2177734375;9.0500364304;1004.5043945313;21.0396537781;52.2177658081;0.0000000000;71.3000030518;6;1;1;1;1;2.0000000000;3.0000000000;3.0000000000;
146;-164;114.1770019531;8.3789062500;9.0921955109;1004.4854736328;21.0396537781;52.2177658081;0.0000000000;71.3000030518;6;1;1;1;1;2.0000000000;3.0000000000;3.0000000000;
147;-164;114.9599990845;9.6679687500;9.1240415573;1004.4777221680;21.0396537781;52.2177658081;0.0000000000;71.3000030518;6;1;1;1;1;2.0000000000;3.0000000000;3.0000000000;
148;-164;115.7429962158;8.3789062500;9.1561918259;1004.4801635742;21.0396537781;52.2177658081;0.0000000000;71.3000030518;6;1;1;1;1;2.0000000000;3.0000000000;3.0000000000;
149;-164;116.5309982300;9.4262695312;9.1895551682;1004.4669799805;21.0396537781;52.2177658081;0.0000000000;71.3000030518;6;1;1;1;0;2.0000000000;3.0000000000;3.0000000000;
150;-164;117.3140029907;8.4594726562;9.2241315842;1004.5075073242;21.0396537781;52.2177658081;0.0000000000;71.3000030518;6;1;1;1;1;2.0000000000;2.0000000000;2.0000000000;
151;-164;118.0960006714;8.4594726562;9.2626514435;1004.4838867188;21.0396537781;52.2177658081;0.0000000000;71.3000030518;6;1;1;1;1;2.0000000000;2.0000000000;2.0000000000;
152;-164;118.8840026855;8.4594726562;9.3029909134;1004.4956665039;21.0396537781;52.2177658081;0.0000000000;71.3000030518;6;1;1;1;1;2.0000000000;3.0000000000;3.0000000000;
153;-164;119.6669998169;8.6206054687;9.3039007187;1004.5117797852;21.0396537781;52.2177658081;0.0000000000;71.3000030518;6;1;1;1;1;2.0000000000;3.0000000000;3.0000000000;
154;-164;120.4509963989;8.1372070312;9.3011713028;1004.4892578125;21.0396537781;52.2177658081;0.0000000000;71.3000030518;6;1;1;1;1;2.0000000000;3.0000000000;3.0000000000;
155;-164;121.2379989624;8.0566406250;9.3251314163;1004.5356445313;21.0396537781;52.2177658081;0.0000000000;71.3000030518;6;1;1;1;1;2.0000000000;3.0000000000;3.0000000000;
156;-164;122.0210037231;8.3789062500;9.3202791214;1004.5256347656;21.0396537781;52.2177658081;0.0000000000;71.3000030518;6;1;1;1;1;2.0000000000;2.0000000000;2.0000000000;
157;-164;122.8040008545;9.3457031250;9.2911615372;1004.5090332031;21.0396537781;52.2177658081;0.0000000000;71.3000030518;6;1;1;1;1;2.0000000000;2.0000000000;2.0000000000;
158;-164;123.5920028687;8.2983398437;9.2423305511;1004.5213012695;21.0396537781;52.2177658081;0.0000000000;71.3000030518;6;1;1;1;0;2.0000000000;2.0000000000;2.0000000000;
159;-164;124.3750000000;9.4262695312;9.2320175171;1004.5260009766;21.0396537781;52.2177658081;0.0000000000;71.3000030518;6;1;1;1;1;2.0000000000;3.0000000000;3.0000000000;
160;-164;125.1579971313;8.3789062500;9.2502155304;1004.5172119141;21.0396537781;52.2177658081;0.0000000000;71.3000030518;6;1;1;1;1;2.0000000000;3.0000000000;3.0000000000;
161;-164;125.9449996948;8.5400390625;9.2038106918;1004.5093994141;21.0396537781;52.2177658081;0.0000000000;71.3000030518;6;1;1;1;1;2.0000000000;2.0000000000;2.0000000000;
162;-164;126.7289962769;8.3789062500;9.1668081284;1004.4937133789;21.0396537781;52.2177658081;0.0000000000;71.3000030518;6;1;1;1;1;2.0000000000;2.0000000000;2.0000000000;
163;-164;127.5120010376;8.4594726562;9.1434535980;1004.5274658203;21.0396537781;52.2177658081;0.0000000000;71.3000030518;6;1;1;1;1;3.0000000000;3.0000000000;3.0000000000;
164;-164;128.3000030518;8.3789062500;9.1216154099;1004.5461425781;21.0396537781;52.2177658081;0.0000000000;71.3000030518;6;1;1;1;1;3.0000000000;3.0000000000;3.0000000000;
165;-164;129.0820007324;8.9428710937;9.1689310074;1004.5619506836;21.0396537781;52.2177658081;0.0000000000;71.3000030518;6;1;1;1;1;3.0000000000;3.0000000000;3.0000000000;
166;-164;129.8650054932;9.1040039062;9.1807594299;1004.5808715820;21.0396537781;52.2177658081;0.0000000000;71.3000030518;6;1;1;1;1;3.0000000000;3.0000000000;3.0000000000;
167;-164;130.6529998779;8.6206054687;9.1974411011;1004.5985107422;21.0396537781;52.2177658081;0.0000000000;71.3000030518;6;1;1;1;0;3.0000000000;3.0000000000;3.0000000000;
168;-164;131.4360046387;8.5400390625;9.1880388260;1004.6726074219;21.0396537781;52.2177658081;0.0000000000;71.3000030518;6;1;1;1;1;3.0000000000;3.0000000000;3.0000000000;
169;-164;132.2189941406;8.7817382812;9.2171564102;1004.6390991211;21.0396537781;52.2177658081;0.0000000000;71.3000030518;6;1;1;1;1;3.0000000000;3.0000000000;3.0000000000;
170;-164;133.0070037842;9.6679687500;9.1567983627;1004.6184082031;21.0396537781;52.2177658081;0.0000000000;71.3000030518;6;1;1;1;1;3.0000000000;3.0000000000;3.0000000000;
171;-164;133.7899932861;8.7011718750;9.1246490479;1004.5675659180;21.0396537781;52.2177658081;0.0000000000;71.3000030518;6;1;1;1;1;3.0000000000;3.0000000000;3.0000000000;
172;-164;134.5729980469;8.6206054687;9.1058435440;1004.5704345703;21.0396537781;52.2177658081;0.0000000000;71.3000030518;6;1;1;1;1;3.0000000000;4.0000000000;4.0000000000;
173;-164;135.3609924316;8.4594726562;9.0348711014;1004.6443481445;21.0396537781;52.2177658081;0.0000000000;71.3000030518;6;1;1;1;1;3.0000000000;4.0000000000;4.0000000000;
174;-164;136.1439971924;8.4594726562;8.9960479736;1004.5996093750;21.0396537781;52.2177658081;0.0000000000;71.3000030518;6;1;1;1;1;4.0000000000;4.0000000000;4.0000000000;
175;-164;136.9270019531;8.5400390625;8.9590454102;1004.6096801758;21.0396537781;52.2177658081;0.0000000000;71.3000030518;6;1;1;1;1;4.0000000000;4.0000000000;4.0000000000;
176;-164;137.7140045166;8.7011718750;8.9884662628;1004.5703125000;21.0396537781;52.2177658081;0.0000000000;71.3000030518;6;1;1;1;0;4.0000000000;4.0000000000;4.0000000000;
177;-164;138.4980010986;9.8291015625;9.0500364304;1004.5753784180;21.0396537781;52.2177658081;0.0000000000;71.3000030518;6;1;1;1;1;4.0000000000;4.0000000000;4.0000000000;
178;-164;139.2799987793;8.6206054687;9.1049337387;1004.5462646484;21.0396537781;52.2177658081;0.0000000000;71.3000030518;6;1;1;1;1;4.0000000000;4.0000000000;4.0000000000;
179;-164;140.0679931641;8.6206054687;9.1419372559;1004.5474853516;21.0396537781;52.2177658081;0.0000000000;71.3000030518;6;1;1;1;1;4.0000000000;5.0000000000;5.0000000000;
180;-164;140.8509979248;8.4594726562;9.1631679535;1004.4777221680;21.0396537781;52.2177658081;0.0000000000;71.3000030518;6;1;1;1;1;4.0000000000;5.0000000000;5.0000000000;
181;-164;141.6340026855;8.4594726562;9.1304111481;1004.4387207031;21.0396537781;52.2177658081;0.0000000000;71.3000030518;6;1;1;1;1;4.0000000000;5.0000000000;5.0000000000;
182;-164;142.4219970703;9.5874023437;9.0833997726;1004.4234008789;21.0396537781;52.2177658081;0.0000000000;71.3000030518;6;1;1;1;1;4.0000000000;5.0000000000;5.0000000000;
183;-164;143.2050018311;8.7011718750;9.0112133026;1004.4984130859;21.0396537781;52.2177658081;0.0000000000;71.3000030518;6;1;1;1;1;5.0000000000;5.0000000000;5.0000000000;
184;-164;143.9880065918;8.6206054687;8.9626855850;1004.3448486328;21.0396537781;52.2177658081;0.0000000000;71.3000030518;6;1;1;1;1;5.0000000000;5.0000000000;5.0000000000;
185;-164;144.7760009766;8.6206054687;8.8850402832;1004.4829711914;21.0396537781;52.2177658081;0.0000000000;71.3000030518;6;1;1;1;0;5.0000000000;5.0000000000;5.0000000000;
186;-164;145.5590057373;8.2177734375;8.9011144638;1004.4963378906;21.0396537781;52.2177658081;0.0000000000;71.3000030518;6;1;1;1;1;4.0000000000;5.0000000000;5.0000000000;
187;-164;146.3470001221;8.2983398437;8.9041481018;1004.3079833984;21.0396537781;52.2177658081;0.0000000000;71.3000030518;6;1;1;1;1;4.0000000000;5.0000000000;5.0000000000;
188;-164;147.1289978027;8.5400390625;8.8522834778;1004.4939575195;21.0396537781;52.2177658081;0.0000000000;71.3000030518;6;1;1;1;1;4.0000000000;5.0000000000;5.0000000000;
189;-164;147.9120025635;8.1372070312;8.8486433029;1004.4892578125;21.0396537781;52.2177658081;0.0000000000;71.3000030518;6;1;1;1;1;4.0000000000;5.0000000000;5.0000000000;
190;-164;148.6999969482;7.8149414063;8.8434877396;1004.4916381836;21.0396537781;52.2177658081;0.0000000000;71.3000030518;6;1;1;1;1;4.0000000000;4.0000000000;4.0000000000;
191;-164;149.4830017090;8.2983398437;8.8365116119;1004.5408325195;21.0396537781;52.2177658081;0.0000000000;71.3000030518;6;1;1;1;1;4.0000000000;4.0000000000;4.0000000000;
192;-164;150.2660064697;7.8955078125;8.8507671356;1004.5559082031;21.0396537781;52.2177658081;0.0000000000;71.3000030518;6;1;1;1;1;4.0000000000;5.0000000000;5.0000000000;
193;-164;151.0610046387;8.3789062500;8.8531932831;1004.5632934570;21.0396537781;52.2177658081;0.0000000000;71.3000030518;6;1;1;1;1;4.0000000000;5.0000000000;5.0000000000;
194;-164;151.8439941406;7.8955078125;8.8492498398;1004.5209960938;21.0396537781;52.2177658081;0.0000000000;71.3000030518;6;1;1;1;0;4.0000000000;5.0000000000;5.0000000000;
195;-164;152.6269989014;7.8955078125;8.8286256790;1004.5787963867;21.0396537781;52.2177658081;0.0000000000;71.3000030518;6;1;1;1;1;4.0000000000;5.0000000000;5.0000000000;
196;-164;153.4149932861;7.8955078125;8.8559226990;1004.5777587891;21.0396537781;52.2177658081;0.0000000000;71.3000030518;6;1;1;1;1;4.0000000000;5.0000000000;5.0000000000;
197;-164;154.1979980469;7.9760746956;8.8340854645;1004.5866699219;21.0396537781;52.2177658081;0.0000000000;71.3000030518;6;1;1;1;1;4.0000000000;4.0000000000;4.0000000000;
198;-164;154.9810028076;9.1845703125;8.8295354843;1004.5964965820;21.0396537781;52.2177658081;0.0000000000;71.3000030518;6;1;1;1;1;4.0000000000;4.0000000000;4.0000000000;
199;-164;155.7689971924;7.9760746956;8.7928361893;1004.5700073242;21.0396423340;52.2177696228;1.5742000341;71.3000030518;6;1;1;1;1;4.0000000000;4.0000000000;4.0000000000;
200;-164;156.5520019531;7.6538085938;8.7849502563;1004.5498657227;21.0396327972;52.2177696228;1.9631199837;71.4000015259;6;1;1;1;1;4.0000000000;4.0000000000;4.0000000000;
201;-164;157.3350067139;7.9760746956;8.7722120285;1004.6036376953;21.0396327972;52.2177696228;1.9631199837;71.4000015259;6;1;1;1;1;3.0000000000;3.0000000000;3.0000000000;
202;-164;158.1230010986;9.1845703125;8.7658424377;1004.5280151367;21.0396327972;52.2177696228;1.9631199837;71.4000015259;6;1;1;1;1;3.0000000000;3.0000000000;3.0000000000;
203;-164;158.9160003662;7.7343745232;8.7543172836;1004.5822753906;21.0396041870;52.2177658081;3.4817600250;71.6999969482;6;1;1;1;0;3.0000000000;3.0000000000;3.0000000000;
204;-164;159.6990051270;8.7817382812;8.7500705719;1004.5829467773;21.0395870209;52.2177658081;4.2781200409;71.9000015259;6;1;1;1;1;3.0000000000;3.0000000000;3.0000000000;
205;-164;160.4869995117;7.7343745232;8.7697849274;1004.5945434570;21.0395889282;52.2177658081;4.7411198616;72.0000000000;6;1;1;1;1;3.0000000000;3.0000000000;3.0000000000;
206;-164;161.2700042725;8.2983398437;8.7670555115;1004.5656127930;21.0395889282;52.2177658081;4.7411198616;72.0000000000;6;1;1;1;1;3.0000000000;3.0000000000;3.0000000000;
207;-164;162.0529937744;7.9760746956;8.7527999878;1004.5150756836;21.0395889282;52.2177658081;4.7411198616;72.0000000000;6;1;1;1;1;3.0000000000;3.0000000000;3.0000000000;
208;-164;162.8410034180;7.8149414063;8.7060918808;1004.5970458984;21.0395584106;52.2177696228;3.2224800587;72.3000030518;6;1;1;1;1;3.0000000000;3.0000000000;3.0000000000;
209;-164;163.6239929199;7.8149414063;8.7085180283;1004.5737915039;21.0395488739;52.2177658081;2.8705999851;72.5999984741;6;1;1;1;1;3.0000000000;3.0000000000;3.0000000000;
210;-164;164.4069976807;7.6538085938;8.7139778137;1004.5881347656;21.0395374298;52.2177658081;2.8335599899;72.5999984741;6;1;1;1;1;3.0000000000;3.0000000000;3.0000000000;
211;-164;165.1950073242;7.8149414063;8.7303562164;1004.5906982422;21.0395374298;52.2177658081;2.8335599899;72.5999984741;6;1;1;1;1;3.0000000000;3.0000000000;3.0000000000;
212;-164;165.9779968262;7.7343745232;8.7382421494;1004.5834350586;21.0395259857;52.2177658081;2.8335599899;73.0000000000;6;1;1;1;1;3.0000000000;3.0000000000;3.0000000000;
213;-164;166.7610015869;9.0234375000;8.7133712769;1004.5289916992;21.0395164490;52.2177658081;3.0002400875;73.1999969482;6;1;1;1;0;3.0000000000;3.0000000000;3.0000000000;
214;-164;167.5489959717;8.7817382812;8.6915340424;1004.5524291992;21.0395145416;52.2177658081;2.5927999020;73.3000030518;6;1;1;1;1;3.0000000000;3.0000000000;3.0000000000;
215;-164;168.3419952393;7.9760746956;8.6930503845;1004.5195922852;21.0395145416;52.2177658081;2.5927999020;73.3000030518;6;1;1;1;1;3.0000000000;4.0000000000;4.0000000000;
216;-164;169.1250000000;8.8623046875;8.6778850555;1004.4787597656;21.0395145416;52.2177658081;2.5927999020;73.3000030518;6;1;1;1;1;3.0000000000;4.0000000000;4.0000000000;
217;-164;169.9129943848;7.5732426643;8.6269302368;1004.5017089844;21.0394973755;52.2177658081;2.3705599308;73.6999969482;6;1;1;1;1;3.0000000000;3.0000000000;3.0000000000;
218;-164;170.6959991455;8.0566406250;8.6105518341;1004.4620361328;21.0394859314;52.2177658081;2.6483600140;74.0000000000;6;1;1;1;1;3.0000000000;3.0000000000;3.0000000000;
219;-164;171.4799957275;8.8623046875;8.6114625931;1004.4232788086;21.0394744873;52.2177619934;2.9817199707;74.1999969482;6;1;1;1;1;3.0000000000;4.0000000000;4.0000000000;
220;-164;172.2669982910;7.6538085938;8.6093387604;1004.4227905273;21.0394744873;52.2177619934;2.9817199707;74.1999969482;6;1;1;1;1;3.0000000000;4.0000000000;4.0000000000;
221;-164;173.0500030518;7.5732426643;8.6154050827;1004.4429931641;21.0394744873;52.2177619934;2.9817199707;74.1999969482;6;1;1;1;1;3.0000000000;3.0000000000;3.0000000000;
222;-164;173.8339996338;7.4926757813;8.6111593246;1004.4114379883;21.0394649506;52.2177619934;2.5187199116;74.5000000000;6;1;1;1;0;3.0000000000;3.0000000000;3.0000000000;
223;-164;174.6219940186;7.4926757813;8.5762796402;1004.5622558594;21.0394592285;52.2177619934;1.9445999861;74.5999984741;6;1;1;1;1;3.0000000000;3.0000000000;3.0000000000;
224;-164;175.4049987793;7.7343745232;8.5538349152;1004.5104370117;21.0394554138;52.2177619934;1.5927200317;74.5999984741;6;1;1;1;1;3.0000000000;4.0000000000;4.0000000000;
225;-164;176.1880035400;7.5732426643;8.5374565125;1004.4271850586;21.0394554138;52.2177619934;1.5927200317;74.5999984741;6;1;1;1;1;3.0000000000;4.0000000000;4.0000000000;
226;-164;176.9759979248;7.8149414063;8.5329074860;1004.5579833984;21.0394496918;52.2177619934;1.5927200317;75.0000000000;6;1;1;1;1;3.0000000000;3.0000000000;3.0000000000;
227;-164;177.7590026855;7.6538085938;8.5016670227;1004.4537963867;21.0394458771;52.2177619934;0.0000000000;75.0999984741;6;1;1;1;1;3.0000000000;3.0000000000;3.0000000000;
228;-164;178.5420074463;8.3789062500;8.4543523788;1004.7200927734;21.0394382477;52.2177619934;1.8890399933;75.4000015259;6;1;1;1;1;3.0000000000;3.0000000000;3.0000000000;
229;-164;179.3300018311;7.6538085938;8.5028810501;1004.7994384766;21.0394382477;52.2177619934;1.8890399933;75.4000015259;6;1;1;1;1;3.0000000000;3.0000000000;3.0000000000;
230;-164;180.1130065918;7.7343745232;8.5007572174;1004.5618896484;21.0394382477;52.2177619934;1.8890399933;75.4000015259;6;1;1;1;1;3.0000000000;3.0000000000;3.0000000000;
231;-164;180.8959960937;7.8955078125;8.4883222580;1004.7354736328;21.0394191742;52.2177581787;2.7780001163;75.8000030518;6;1;1;1;0;3.0000000000;3.0000000000;3.0000000000;
232;-164;181.6840057373;7.9760746956;8.5213823318;1004.7911987305;21.0394172668;52.2177619934;2.5002000332;75.9000015259;6;1;1;1;1;3.0000000000;3.0000000000;3.0000000000;
233;-164;182.4669952393;7.9760746956;8.5031843185;1004.8273925781;21.0394077301;52.2177581787;2.4075999260;76.0999984741;6;1;1;1;1;3.0000000000;4.0000000000;4.0000000000;
234;-164;183.2500000000;8.0566406250;8.5495891571;1004.8046264648;21.0394077301;52.2177581787;2.4075999260;76.0999984741;6;1;1;1;1;3.0000000000;4.0000000000;4.0000000000;
235;-164;184.0379943848;8.0566406250;8.5711231232;1004.7710571289;21.0394039154;52.2177581787;2.4075999260;76.1999969482;6;1;1;1;1;3.0000000000;3.0000000000;3.0000000000;
236;-164;184.8209991455;7.9760746956;8.5853786469;1004.7860717773;21.0393962860;52.2177581787;5.2596797943;76.4000015259;6;1;1;1;1;3.0000000000;3.0000000000;3.0000000000;
237;-164;185.6049957275;8.2983398437;8.5784025192;1004.7949829102;21.0393791199;52.2177543640;4.7225999832;76.8000030518;6;1;1;1;1;3.0000000000;3.0000000000;3.0000000000;
238;-164;186.3930053711;7.8955078125;8.5571718216;1004.7839355469;21.0393676758;52.2177543640;4.1299600601;76.8000030518;6;1;1;1;1;3.0000000000;3.0000000000;3.0000000000;
239;-164;187.1750030518;7.6538085938;8.5462522507;1004.6779174805;21.0393676758;52.2177543640;4.1299600601;76.8000030518;6;1;1;1;1;3.0000000000;3.0000000000;3.0000000000;
240;-164;187.9579925537;7.6538085938;8.5207748413;1004.7111206055;21.0393619537;52.2177505493;4.1299600601;77.5999984741;6;1;1;1;0;3.0000000000;3.0000000000;3.0000000000;
241;-164;188.7550048828;7.9760746956;8.5153160095;1004.6177978516;21.0393505096;52.2177467346;3.5558400154;78.0000000000;6;1;1;1;1;3.0000000000;3.0000000000;3.0000000000;
242;-164;189.5379943848;7.7343745232;8.5198650360;1004.5660400391;21.0393524170;52.2177467346;3.1669199467;78.5000000000;6;1;1;1;1;2.0000000000;3.0000000000;3.0000000000;
243;-164;190.3220062256;7.8955078125;8.5056104660;1004.5767822266;21.0393524170;52.2177467346;3.1669199467;78.5000000000;6;1;1;1;1;2.0000000000;3.0000000000;3.0000000000;
244;-164;191.1089935303;7.8955078125;8.4528360367;1004.5626220703;21.0393524170;52.2177467346;3.1669199467;78.5000000000;6;1;1;1;1;2.0000000000;3.0000000000;3.0000000000;
245;-164;191.8919982910;7.8955078125;8.4358510971;1004.5267333984;21.0393390656;52.2177467346;2.5372400284;79.3000030518;6;1;1;1;1;2.0000000000;3.0000000000;3.0000000000;
246;-164;192.6759948730;7.6538085938;8.4546556473;1004.4529418945;21.0393371582;52.2177467346;1.6853200197;79.6999969482;6;1;1;1;1;3.0000000000;3.0000000000;3.0000000000;
247;-164;193.4640045166;7.5732426643;8.4215965271;1004.4487915039;21.0393371582;52.2177467346;0.0000000000;79.6999969482;6;1;1;1;1;3.0000000000;3.0000000000;3.0000000000;
248;-164;194.2469940186;7.8955078125;8.3551731110;1004.4964599609;21.0393371582;52.2177467346;0.0000000000;79.6999969482;6;1;1;1;1;3.0000000000;3.0000000000;3.0000000000;
249;-164;195.0299987793;8.8623046875;8.2653970718;1004.4793701172;21.0393314362;52.2177467346;0.0000000000;80.3000030518;6;1;1;1;0;3.0000000000;3.0000000000;3.0000000000;
250;-164;195.8179931641;7.6538085938;8.2214183807;1004.4756469727;21.0393333435;52.2177467346;1.8334800005;80.3000030518;6;1;1;1;1;3.0000000000;3.0000000000;3.0000000000;
251;-164;196.6009979248;7.8149414063;8.1874485016;1004.4763183594;21.0393333435;52.2177467346;0.0000000000;80.3000030518;6;1;1;1;1;3.0000000000;3.0000000000;3.0000000000;
252;-164;197.3840026855;7.4926757813;8.1258792877;1004.4968872070;21.0393333435;52.2177467346;0.0000000000;80.3000030518;6;1;1;1;1;3.0000000000;3.0000000000;3.0000000000;
253;-164;198.1710052490;8.3789062500;8.0897865295;1004.5164794922;21.0393333435;52.2177467346;0.0000000000;80.3000030518;6;1;1;1;1;2.0000000000;3.0000000000;3.0000000000;
254;-164;198.9539947510;7.6538085938;8.0633993149;1004.4899902344;21.0393333435;52.2177467346;0.0000000000;80.3000030518;6;1;1;1;1;2.0000000000;3.0000000000;3.0000000000;
255;-164;199.7380065918;7.7343745232;8.0024366379;1004.4680175781;21.0393333435;52.2177467346;0.0000000000;80.3000030518;6;1;1;1;1;2.0000000000;2.0000000000;2.0000000000;
256;-164;200.5249938965;7.4926757813;7.9520893097;1004.4483642578;21.0393333435;52.2177467346;2.4816799164;80.3000030518;6;1;1;1;1;2.0000000000;2.0000000000;2.0000000000;
257;-164;201.3090057373;7.4121093750;7.8968887329;1004.4669799805;21.0393333435;52.2177467346;2.4816799164;80.3000030518;6;1;1;1;1;2.0000000000;2.0000000000;2.0000000000;
258;-164;202.0919952393;8.3789062500;7.8413853645;1004.5221557617;21.0393333435;52.2177467346;2.4816799164;80.3000030518;6;1;1;1;0;2.0000000000;2.0000000000;2.0000000000;
259;-164;202.8800048828;7.2509765625;7.8062028885;1004.5287475586;21.0393657684;52.2177505493;2.9076399803;79.8000030518;6;1;1;1;1;2.0000000000;2.0000000000;2.0000000000;
260;-164;203.6629943848;7.4121093750;7.7913413048;1004.5689697266;21.0393753052;52.2177505493;2.1298000813;79.6999969482;6;1;1;1;1;2.0000000000;2.0000000000;2.0000000000;
261;-164;204.4459991455;7.4926757813;7.7425103188;1004.5615844727;21.0393810272;52.2177505493;2.0557200909;79.6999969482;6;1;1;1;1;2.0000000000;2.0000000000;2.0000000000;
262;-164;205.2339935303;7.4121093750;7.7346243858;1004.5688476563;21.0393810272;52.2177505493;2.0557200909;79.6999969482;6;1;1;1;1;2.0000000000;2.0000000000;2.0000000000;
263;-164;206.0169982910;7.4121093750;7.7285585403;1004.5003051758;21.0393905640;52.2177543640;2.0557200909;79.3000030518;6;1;1;1;1;2.0000000000;2.0000000000;2.0000000000;
264;-164;206.8000030518;7.2509765625;7.7461500168;1004.6146240234;21.0394001007;52.2177543640;2.0001599789;79.1999969482;6;1;1;1;1;2.0000000000;2.0000000000;2.0000000000;
265;-164;207.5879974365;6.9287104607;7.7698068619;1004.6041259766;21.0394001007;52.2177543640;1.4816000462;79.0999984741;6;1;1;1;1;2.0000000000;2.0000000000;2.0000000000;
266;-164;208.3710021973;7.2509765625;7.7952842712;1004.6032104492;21.0394058228;52.2177543640;1.5001200438;79.0999984741;6;1;1;1;1;2.0000000000;2.0000000000;2.0000000000;
267;-164;209.1540069580;7.2509765625;7.8277368546;1004.5419311523;21.0394058228;52.2177543640;1.5001200438;79.0999984741;6;1;1;1;0;2.0000000000;2.0000000000;2.0000000000;
268;-164;209.9420013428;7.3315424919;7.8435082436;1004.5322875977;21.0394077301;52.2177581787;1.5001200438;78.9000015259;6;1;1;1;1;2.0000000000;2.0000000000;2.0000000000;
269;-164;210.7250061035;7.2509765625;7.8671655655;1004.5443115234;21.0394115448;52.2177581787;0.0000000000;78.8000030518;6;1;1;1;1;2.0000000000;2.0000000000;2.0000000000;
270;-164;211.5079956055;7.1704106331;7.8574600220;1004.5161743164;21.0394134521;52.2177581787;0.0000000000;78.8000030518;6;1;1;1;1;2.0000000000;2.0000000000;2.0000000000;
271;-164;212.2960052490;7.1704106331;7.8234906197;1004.5619506836;21.0394134521;52.2177581787;0.0000000000;78.8000030518;6;1;1;1;1;1.0000000000;1.0000000000;1.0000000000;
272;-164;213.0789947510;7.3315424919;7.8171215057;1004.5524902344;21.0394134521;52.2177581787;0.0000000000;78.8000030518;6;1;1;1;1;1.0000000000;1.0000000000;1.0000000000;
273;-164;213.8619995117;7.0092773438;7.8195476532;1004.5438232422;21.0394134521;52.2177581787;0.0000000000;78.8000030518;6;1;1;1;1;1.0000000000;1.0000000000;1.0000000000;
274;-164;214.6499938965;7.1704106331;7.8107523918;1004.5769042969;21.0394134521;52.2177581787;0.0000000000;78.8000030518;6;1;1;1;1;1.0000000000;1.0000000000;1.0000000000;
275;-164;215.4329986572;7.3315424919;7.8262205124;1004.5473632813;21.0394134521;52.2177581787;0.0000000000;78.8000030518;6;1;1;1;1;1.0000000000;1.0000000000;1.0000000000;
276;-164;216.2160034180;7.4121093750;7.8450250626;1004.5767822266;21.0394134521;52.2177581787;0.0000000000;78.8000030518;6;1;1;1;1;1.0000000000;1.0000000000;1.0000000000;
277;-164;217.0030059814;7.1704106331;7.8392620087;1004.4862060547;21.0394134521;52.2177581787;0.0000000000;78.8000030518;6;1;1;1;0;1.0000000000;1.0000000000;1.0000000000;
278;-164;217.7859954834;7.0898437500;7.8201546669;1004.4353637695;21.0394134521;52.2177581787;0.0000000000;78.8000030518;6;1;1;1;1;1.0000000000;2.0000000000;5.0000000000;
279;-164;218.5700073242;7.0092773438;7.8526072502;1004.4368896484;21.0394134521;52.2177581787;0.0000000000;78.8000030518;6;1;1;1;1;1.0000000000;2.0000000000;5.0000000000;
280;-164;219.3569946289;7.1704106331;7.8786907196;1004.4418945313;21.0394134521;52.2177581787;0.0000000000;78.8000030518;6;1;1;1;1;2.0000000000;2.0000000000;7.0000000000;
281;-164;220.1399993896;7.0092773438;7.8692889214;1004.4706420898;21.0394134521;52.2177581787;0.0000000000;78.8000030518;6;1;1;1;1;2.0000000000;2.0000000000;7.0000000000;
282;-164;220.9230041504;7.1704106331;7.8714118004;1004.4517822266;21.0394134521;52.2177581787;0.0000000000;78.8000030518;6;1;1;1;1;2.0000000000;2.0000000000;7.0000000000;
283;-164;221.7109985352;6.7675786018;7.8956756592;1004.4471435547;21.0394134521;52.2177581787;0.0000000000;78.8000030518;6;1;1;1;1;2.0000000000;2.0000000000;7.0000000000;
284;-164;222.4940032959;7.0092773438;7.9159965515;1004.4550170898;21.0394134521;52.2177581787;0.0000000000;78.8000030518;6;1;1;1;1;1.0000000000;1.0000000000;5.0000000000;
285;-164;223.2769927979;6.9287104607;7.9132671356;1004.4277343750;21.0394134521;52.2177581787;0.0000000000;78.8000030518;6;1;1;1;1;1.0000000000;1.0000000000;5.0000000000;
286;-164;224.0650024414;7.0898437500;7.8789944649;1004.4375610352;21.0394134521;52.2177581787;0.0000000000;78.8000030518;6;1;1;1;0;1.0000000000;1.0000000000;5.0000000000;
287;-164;224.8480072021;8.2983398437;7.9108405113;1004.4960327148;21.0394134521;52.2177581787;0.0000000000;78.8000030518;6;1;1;1;1;1.0000000000;1.0000000000;5.0000000000;
288;-164;225.6309967041;7.2509765625;7.9478430748;1004.5859985352;21.0394134521;52.2177581787;0.0000000000;78.8000030518;6;1;1;1;1;1.0000000000;1.0000000000;5.0000000000;
289;-164;226.4259948730;8.5400390625;8.0027399063;1004.6184082031;21.0394134521;52.2177581787;0.0000000000;78.8000030518;6;1;1;1;1;2.0000000000;2.0000000000;7.0000000000;
290;-164;227.2089996338;7.3315424919;8.0400457382;1004.6751098633;21.0394134521;52.2177581787;0.0000000000;78.8000030518;6;1;1;1;1;2.0000000000;2.0000000000;7.0000000000;
291;-164;227.9920043945;7.6538085938;8.1070747375;1004.6012573242;21.0394134521;52.2177581787;0.0000000000;78.8000030518;6;1;1;1;1;2.0000000000;2.0000000000;7.0000000000;
292;-164;228.7799987793;7.8955078125;8.1734972000;1004.6310424805;21.0394134521;52.2177581787;0.0000000000;78.8000030518;6;1;1;1;1;2.0000000000;2.0000000000;7.0000000000;
293;-164;229.5630035400;7.6538085938;8.2083768845;1004.5578002930;21.0394134521;52.2177581787;0.0000000000;78.8000030518;6;1;1;1;1;2.0000000000;2.0000000000;7.0000000000;
294;-164;230.3459930420;7.5732426643;8.2644872665;1004.6003417969;21.0394134521;52.2177581787;0.0000000000;78.8000030518;6;1;1;1;1;2.0000000000;2.0000000000;7.0000000000;
295;-164;231.1329956055;8.8623046875;8.3190803528;1004.6289062500;21.0394134521;52.2177581787;0.0000000000;78.8000030518;6;1;1;1;0;2.0000000000;2.0000000000;7.0000000000;
296;-164;231.9170074463;9.1040039062;8.3406152725;1004.5340576172;21.0394134521;52.2177581787;0.0000000000;78.8000030518;6;1;1;1;1;2.0000000000;2.0000000000;7.0000000000;
297;-164;232.6999969482;8.8623046875;8.3660926819;1004.5331420898;21.0394134521;52.2177581787;0.0000000000;78.8000030518;6;1;1;1;1;2.0000000000;2.0000000000;7.0000000000;
298;-164;233.4880065918;7.9760746956;8.3879299164;1004.5468139648;21.0394134521;52.2177581787;0.0000000000;78.8000030518;6;1;1;1;1;2.0000000000;2.0000000000;7.0000000000;
299;-164;234.2709960937;7.8149414063;8.4124975204;1004.5184936523;21.0394134521;52.2177581787;0.0000000000;78.8000030518;6;1;1;1;1;2.0000000000;2.0000000000;7.0000000000;
300;-164;235.0529937744;7.7343745232;8.4519262314;1004.5046386719;21.0394134521;52.2177581787;0.0000000000;78.8000030518;6;1;1;1;1;2.0000000000;2.0000000000;2.0000000000;
301;-164;235.8410034180;7.9760746956;8.4780101776;1004.4966430664;21.0394134521;52.2177581787;0.0000000000;78.8000030518;6;1;1;1;1;2.0000000000;2.0000000000;2.0000000000;
302;-164;236.6239929199;7.8149414063;8.5031843185;1004.4435424805;21.0394134521;52.2177581787;0.0000000000;78.8000030518;6;1;1;1;1;2.0000000000;2.0000000000;2.0000000000;
303;-164;237.4080047607;7.8955078125;8.4992408752;1004.4447631836;21.0394134521;52.2177581787;0.0000000000;78.8000030518;6;1;1;1;1;2.0000000000;2.0000000000;2.0000000000;
304;-164;238.1950073242;7.8955078125;8.5083398819;1004.3621826172;21.0394134521;52.2177581787;0.0000000000;78.8000030518;6;1;1;1;0;2.0000000000;2.0000000000;2.0000000000;
305;-164;238.9779968262;8.7011718750;8.5083398819;1004.4121704102;21.0394134521;52.2177581787;0.0000000000;78.8000030518;6;1;1;1;1;2.0000000000;3.0000000000;3.0000000000;
306;-164;239.7610015869;7.8149414063;8.5277509689;1004.3619995117;21.0394134521;52.2177581787;0.0000000000;78.8000030518;6;1;1;1;1;2.0000000000;3.0000000000;3.0000000000;
307;-164;240.5489959717;7.9760746956;8.5386695862;1004.3566894531;21.0394134521;52.2177581787;0.0000000000;78.8000030518;6;1;1;1;1;2.0000000000;2.0000000000;3.0000000000;
308;-164;241.3320007324;7.7343745232;8.5389728546;1004.3588256836;21.0394134521;52.2177581787;0.0000000000;78.8000030518;6;1;1;1;1;2.0000000000;2.0000000000;3.0000000000;
309;-164;242.1150054932;7.8149414063;8.5371532440;1004.3814697266;21.0394134521;52.2177581787;0.0000000000;78.8000030518;6;1;1;1;1;3.0000000000;3.0000000000;4.0000000000;
310;-164;242.9029998779;8.6206054687;8.5426130295;1004.3474121094;21.0394134521;52.2177581787;0.0000000000;78.8000030518;6;1;1;1;1;3.0000000000;3.0000000000;4.0000000000;
311;-164;243.6860046387;7.5732426643;8.5332107544;1004.3375854492;21.0394134521;52.2177581787;0.0000000000;78.8000030518;6;1;1;1;1;2.0000000000;3.0000000000;3.0000000000;
312;-164;244.4689941406;8.2983398437;8.5128898621;1004.3410644531;21.0394134521;52.2177581787;0.0000000000;78.8000030518;6;1;1;1;1;2.0000000000;3.0000000000;3.0000000000;
313;-164;245.2570037842;9.1845703125;8.4889287949;1004.3704223633;21.0394134521;52.2177581787;0.0000000000;78.8000030518;6;1;1;1;0;2.0000000000;3.0000000000;3.0000000000;
314;-164;246.0399932861;7.8149414063;8.4752798080;1004.3451538086;21.0394134521;52.2177581787;0.0000000000;78.8000030518;6;1;1;1;1;2.0000000000;3.0000000000;4.0000000000;
315;-164;246.8269958496;7.5732426643;8.4692144394;1004.3523559570;21.0394134521;52.2177581787;0.0000000000;78.8000030518;6;1;1;1;1;2.0000000000;3.0000000000;4.0000000000;
316;-164;247.6109924316;7.8149414063;8.4516229630;1004.3767089844;21.0394134521;52.2177581787;0.0000000000;78.8000030518;6;1;1;1;1;3.0000000000;4.0000000000;5.0000000000;
317;-164;248.3939971924;8.7817382812;8.4234161377;1004.3809814453;21.0394134521;52.2177581787;0.0000000000;78.8000030518;6;1;1;1;1;3.0000000000;4.0000000000;5.0000000000;
318;-164;249.1809997559;7.1704106331;8.4264488220;1004.3830566406;21.0394134521;52.2177581787;0.0000000000;78.8000030518;6;1;1;1;1;3.0000000000;4.0000000000;5.0000000000;
319;-164;249.9640045166;7.4926757813;8.3994550705;1004.3265380859;21.0394134521;52.2177581787;0.0000000000;78.8000030518;6;1;1;1;1;3.0000000000;4.0000000000;5.0000000000;
320;-164;250.7469940186;7.4926757813;8.3312129974;1004.2968750000;21.0394134521;52.2177581787;0.0000000000;78.8000030518;6;1;1;1;1;3.0000000000;4.0000000000;5.0000000000;
321;-164;251.5350036621;7.4926757813;8.2699460983;1004.2131958008;21.0394134521;52.2177581787;0.0000000000;78.8000030518;6;1;1;1;1;3.0000000000;4.0000000000;5.0000000000;
322;-164;252.3280029297;7.5732426643;8.2423458099;1004.3217163086;21.0394134521;52.2177581787;0.0000000000;78.8000030518;6;1;1;1;0;3.0000000000;4.0000000000;5.0000000000;
323;-164;253.1109924316;7.6538085938;8.2017040253;1004.3205566406;21.0394134521;52.2177581787;0.0000000000;78.8000030518;6;1;1;1;1;3.0000000000;4.0000000000;5.0000000000;
324;-164;253.8990020752;7.5732426643;8.1910886765;1004.3279418945;21.0394134521;52.2177581787;0.0000000000;78.8000030518;5;1;1;1;1;3.0000000000;4.0000000000;5.0000000000;
325;-164;254.6820068359;8.9428710937;8.1780462265;1004.3085327148;21.0394134521;52.2177581787;0.0000000000;78.8000030518;6;1;1;1;1;3.0000000000;4.0000000000;5.0000000000;
326;-164;255.4649963379;8.7817382812;8.1650047302;1004.3084716797;21.0394134521;52.2177581787;0.0000000000;78.8000030518;6;1;1;1;1;3.0000000000;4.0000000000;5.0000000000;
327;-164;256.2520141602;8.5400390625;8.1549959183;1004.3668823242;21.0394134521;52.2177581787;0.0000000000;78.8000030518;6;1;1;1;1;2.0000000000;4.0000000000;4.0000000000;
328;-164;257.0450134277;7.3315424919;8.1477165222;1004.3381347656;21.0394134521;52.2177581787;0.0000000000;78.8000030518;6;1;1;1;1;2.0000000000;4.0000000000;4.0000000000;
329;-164;257.8280029297;7.7343745232;8.1361913681;1004.3696899414;21.0394134521;52.2177581787;0.0000000000;78.8000030518;6;1;1;1;1;3.0000000000;4.0000000000;4.0000000000;
330;-164;258.6159973145;8.3789062500;8.1161737442;1004.3479003906;21.0394134521;52.2177581787;0.0000000000;78.8000030518;6;1;1;1;1;3.0000000000;4.0000000000;4.0000000000;
331;-164;259.3989868164;8.6206054687;8.0852375031;1004.3151855469;21.0394134521;52.2177581787;0.0000000000;78.8000030518;6;1;1;1;0;3.0000000000;4.0000000000;4.0000000000;
332;-164;260.1820068359;7.2509765625;8.0782613754;1004.3933105469;21.0394134521;52.2177581787;0.0000000000;78.8000030518;6;1;1;1;1;3.0000000000;4.0000000000;4.0000000000;
333;-164;260.9700012207;8.4594726562;8.0870571136;1004.3843994141;21.0394134521;52.2177581787;0.0000000000;78.8000030518;6;1;1;1;1;3.0000000000;4.0000000000;4.0000000000;
334;-164;261.7529907227;7.4121093750;8.0785646439;1004.4324951172;21.0394134521;52.2177581787;0.0000000000;78.8000030518;6;1;1;1;1;3.0000000000;4.0000000000;4.0000000000;
335;-164;262.5360107422;7.2509765625;8.0770483017;1004.4154052734;21.0394134521;52.2177581787;0.0000000000;78.8000030518;6;1;1;1;1;3.0000000000;4.0000000000;4.0000000000;
336;-164;263.3320007324;7.1704106331;8.0764417648;1004.4191894531;21.0394134521;52.2177581787;0.0000000000;78.8000030518;6;1;1;1;1;3.0000000000;4.0000000000;4.0000000000;
337;-164;264.1149902344;7.3315424919;8.0700721741;1004.4580688477;21.0394134521;52.2177581787;0.0000000000;78.8000030518;6;1;1;1;1;3.0000000000;4.0000000000;4.0000000000;
338;-164;264.8980102539;7.2509765625;8.0888767242;1004.4375000000;21.0394134521;52.2177581787;0.0000000000;78.8000030518;6;1;1;1;1;3.0000000000;4.0000000000;4.0000000000;
339;-164;265.6860046387;7.0898437500;8.1104106903;1004.4555053711;21.0394134521;52.2177581787;0.0000000000;78.8000030518;6;1;1;1;1;3.0000000000;4.0000000000;4.0000000000;
340;-164;266.4689941406;7.4926757813;8.1261825562;1004.4296875000;21.0394134521;52.2177581787;0.0000000000;78.8000030518;6;1;1;1;0;3.0000000000;4.0000000000;4.0000000000;
341;-164;267.2520141602;8.6206054687;8.1034355164;1004.4466552734;21.0394134521;52.2177581787;0.0000000000;78.8000030518;6;1;1;1;1;3.0000000000;4.0000000000;4.0000000000;
342;-164;268.0400085449;8.2177734375;8.1182966232;1004.4418334961;21.0394134521;52.2177581787;0.0000000000;78.8000030518;6;1;1;1;1;3.0000000000;4.0000000000;4.0000000000;
343;-164;268.8229980469;8.5400390625;8.1061649323;1004.4755859375;21.0394134521;52.2177581787;0.0000000000;78.8000030518;6;1;1;1;1;3.0000000000;4.0000000000;4.0000000000;
344;-164;269.6059875488;7.4926757813;8.0649156570;1004.4910278320;21.0394134521;52.2177581787;0.0000000000;78.8000030518;6;1;1;1;1;3.0000000000;4.0000000000;4.0000000000;
345;-164;270.3940124512;7.4121093750;8.0458078384;1004.4981689453;21.0394134521;52.2177581787;0.0000000000;78.8000030518;6;1;1;1;1;3.0000000000;4.0000000000;5.0000000000;
346;-164;271.1770019531;7.1704106331;7.9906082153;1004.4716796875;21.0394134521;52.2177581787;0.0000000000;78.8000030518;6;1;1;1;1;3.0000000000;4.0000000000;5.0000000000;
347;-164;271.9599914551;7.2509765625;7.9960675240;1004.5117797852;21.0394134521;52.2177581787;0.0000000000;78.8000030518;6;1;1;1;1;3.0000000000;4.0000000000;5.0000000000;
348;-164;272.7479858398;7.1704106331;7.9733200073;1004.4610595703;21.0394134521;52.2177581787;0.0000000000;78.8000030518;6;1;1;1;1;3.0000000000;4.0000000000;5.0000000000;
349;-164;273.5310058594;7.3315424919;7.9857554436;1004.4616699219;21.0394134521;52.2177581787;0.0000000000;78.8000030518;6;1;1;1;0;3.0000000000;4.0000000000;5.0000000000;
350;-164;274.3139953613;7.1704106331;7.9896979332;1004.4282226563;21.0394134521;52.2177581787;0.0000000000;78.8000030518;6;1;1;1;1;3.0000000000;3.0000000000;5.0000000000;
351;-164;275.1010131836;7.1704106331;7.9942474365;1004.4151611328;21.0394134521;52.2177581787;0.0000000000;78.8000030518;6;1;1;1;1;3.0000000000;3.0000000000;5.0000000000;
352;-164;275.8840026855;7.4121093750;8.0115356445;1004.4097290039;21.0394134521;52.2177581787;0.0000000000;78.8000030518;6;1;1;1;1;3.0000000000;3.0000000000;4.0000000000;
353;-164;276.6679992676;8.6206054687;7.9554252625;1004.3751831055;21.0394134521;52.2177581787;0.0000000000;78.8000030518;6;1;1;1;1;3.0000000000;3.0000000000;4.0000000000;
354;-164;277.4559936523;7.2509765625;7.9487528801;1004.3829956055;21.0394134521;52.2177581787;0.0000000000;78.8000030518;6;1;1;1;1;3.0000000000;4.0000000000;5.0000000000;
355;-164;278.2380065918;7.2509765625;7.9730167389;1004.3944702148;21.0394134521;52.2177581787;0.0000000000;78.8000030518;6;1;1;1;1;3.0000000000;4.0000000000;5.0000000000;
356;-164;279.0209960938;7.4121093750;7.9915180206;1004.4039916992;21.0394134521;52.2177581787;0.0000000000;78.8000030518;6;1;1;1;1;2.0000000000;3.0000000000;5.0000000000;
357;-164;279.8089904785;8.7817382812;7.9936408997;1004.3867187500;21.0394134521;52.2177581787;0.0000000000;78.8000030518;6;1;1;1;1;2.0000000000;3.0000000000;5.0000000000;
358;-164;280.5920104980;8.4594726562;8.0069856644;1004.3873291016;21.0394134521;52.2177581787;0.0000000000;78.8000030518;6;1;1;1;0;2.0000000000;3.0000000000;5.0000000000;
359;-164;281.3750000000;7.4926757813;8.0321598053;1004.4116210938;21.0394134521;52.2177581787;0.0000000000;78.8000030518;6;1;1;1;1;2.0000000000;2.0000000000;4.0000000000;
360;-164;282.1629943848;7.4121093750;8.0488414764;1004.4132080078;21.0394134521;52.2177581787;0.0000000000;78.8000030518;6;1;1;1;1;2.0000000000;2.0000000000;4.0000000000;
